error(train): 0.030000
error(test): 0.162500
